63.430457,10.3960229
63.4304101,10.3973541
63.4303428,10.3992759
63.4303151,10.400056
63.4305076,10.4000869
63.4319222,10.4001883
63.4319037,10.4012704
63.4318486,10.402705
63.4316834,10.4025856
63.4316587,10.4027666
63.4319126,10.4032484
63.4320785,10.4033914
63.4326827,10.4038892
63.4329142,10.4040681
63.4330596,10.4041938
63.4331432,10.4042456
63.4332255,10.4043007
63.4333004,10.4043581
63.4336889,10.4046214
63.4337498,10.4042664
63.4341303,10.404596
63.4341976,10.4046543
63.4342252,10.4046782
63.4345714,10.4049778
63.4349353,10.4052974
63.4351983,10.4055128
63.4352742,10.4055796
63.4353388,10.4056308
63.4356945,10.4057522
63.438135,10.40729
63.4383748,10.4072058
63.4384147,10.4073849
63.4382535,10.4077662
63.4380912,10.4083358
63.4376567,10.4108164
63.437644,10.4146498
63.4377036,10.4149103
63.4376555,10.4151888
63.4376109,10.4152584
63.4374297,10.4162768
63.4366243,10.4177409
63.4337778,10.4204584
63.4348593,10.4452088
63.4344002,10.4603842
63.4335654,10.4637963
63.4334028,10.4645781
63.4330346,10.4664342
63.4326561,10.468592
63.4320977,10.4730535
63.4319327,10.474617
63.4318493,10.47539
63.4317818,10.4760245
63.4315733,10.4779685
63.4311505,10.4818761
63.4310349,10.4842289
63.4312501,10.4871958
63.4315596,10.4896098
63.4312177,10.4941294
63.4304133,10.4973963
63.4272354,10.5103821
63.4236978,10.5216225
63.422653,10.5271865
63.4223234,10.5307572
63.4223779,10.537877
63.4225722,10.539667
63.4231183,10.5463982
63.4231077,10.5468565
63.4233739,10.5800084
63.4232269,10.5810016
63.4230569,10.5834706
63.4217961,10.6158803
63.4219649,10.6186882
63.4219917,10.6190013
63.4220449,10.6196461
63.4224904,10.6241652
63.4228263,10.636194
63.4264435,10.6652089
63.4265388,10.6704831
63.4261373,10.6746159
63.4260703,10.6751226
63.42581,10.6845842
63.4258035,10.6849464
63.425763,10.6898334
63.4257508,10.6918078
63.4257431,10.6927986
63.4259181,10.6981112
63.4249985,10.7241288
63.4225733,10.7320695
63.4201007,10.7430787
63.4201505,10.7440213
63.4199811,10.7529222
63.4188643,10.7604671
63.4121881,10.7709286
63.4108575,10.7733782
63.4033237,10.802798
63.4033451,10.8053759
63.4037794,10.8102477
63.403917,10.8111085
63.4051242,10.8152172
63.4104484,10.8161222
63.412763,10.8198948
63.4129358,10.8203475
63.4139523,10.8226834
63.415339,10.825173
63.417002,10.8274224
63.4441817,10.875731
63.4450484,10.8819877
63.445956,10.887749
63.446062,10.887975
63.446049,10.888229
63.4480915,10.8998141
63.4490479,10.9041856
63.4492701,10.9048159
63.4496934,10.9058641
63.4516372,10.9086522
63.4536164,10.9095678
63.4557432,10.9092463
63.4562014,10.9091627
63.4567989,10.9090944
63.458465,10.9091371
63.462272,10.9122205
63.4630049,10.9125682
63.4631715,10.9126196
63.4661618,10.911866
63.4666938,10.9113735
63.4667585,10.9111856
63.4669325,10.9111004
63.4670147,10.9111885
63.4670756,10.9117447
63.4670209,10.9119078
63.4669892,10.9135094
63.4670327,10.9148345
63.4670914,10.9149744
63.4670978,10.9152353
63.4670376,10.9154019
63.4670627,10.9183057
63.4670785,10.9186129
63.4672693,10.9211686
63.4673899,10.9231584
63.467413,10.9231993
63.467417,10.9235392
63.4673984,10.9235772
63.4673466,10.9242883
63.4673456,10.9280983
63.4673245,10.9303559
63.4673221,10.9304948
63.4673028,10.9311332
63.4672277,10.9332411
63.4677325,10.9377476
63.4679731,10.9392981
63.4680974,10.9402325
63.4681596,10.940796
63.4682012,10.9425789
63.4683143,10.9428854
63.4682761,10.9431894
63.4682345,10.9432693
63.4683139,10.945033
63.4683395,10.9456242
63.4683217,10.9461104
63.4676218,10.9546356
63.4662144,10.9647932
63.4641178,10.9763414
63.4637662,10.9779121
63.4636302,10.9784988
63.463489,10.9790943
63.4619845,10.9849321
63.4614182,10.9871217
63.4608256,10.9903769
63.4605634,10.9930159
63.460394,10.9962421
63.4600499,11.0099544
63.4601164,11.0105821
63.4623493,11.0168651
63.4628362,11.0221279
63.463011,11.0272423
63.4631626,11.0316003
63.4632142,11.0331392
63.4632412,11.0338342
63.4633867,11.0381551
63.4644407,11.0427284
63.4648254,11.0438213
63.4658261,11.0478037
63.4662632,11.0503393
63.4667102,11.0549118
63.4667215,11.0556362
63.4666062,11.0574364
63.4656142,11.0628652
63.465581,11.0635197
63.4655942,11.0679624
63.4654546,11.0710665
63.4651173,11.074672
63.4649618,11.07619
63.464818,11.0790716
63.4648237,11.0793128
63.4664621,11.0903973
63.4662223,11.0945761
63.4662027,11.094736
63.4661079,11.0955629
63.4660364,11.0961431
63.4657547,11.0985206
63.4648502,11.1061934
63.4642185,11.1114942
63.4640441,11.113012
63.463954,11.1140468
63.4640018,11.1161996
63.4641644,11.1173606
63.464588,11.1200721
63.4647614,11.1212121
63.4650423,11.123249
63.4653219,11.1258395
63.4654487,11.1272816
63.4660014,11.1370904
63.4660371,11.1387099
63.4660575,11.139175
63.4661116,11.1401963
63.4662379,11.1424234
63.4663528,11.1448218
63.4660239,11.1541333
63.4656519,11.1585311
63.4655237,11.1594714
63.4654992,11.1596419
63.4646148,11.1657272
63.4645542,11.1661494
63.4643473,11.1675747
63.4639875,11.1699411
63.462561,11.1781726
63.4616244,11.1835539
63.4614157,11.184752
63.4609096,11.1876625
63.4601029,11.1923019
63.4592916,11.1966049
63.4582926,11.1987037
63.4579636,11.1989844
63.4507274,11.2018108
63.4495741,11.2024341
63.4443493,11.2166889
63.4436437,11.2228786
63.443593,11.2267689
63.4435897,11.2270433
63.4435353,11.230803
63.443426,11.2388757
63.4433975,11.2407974
63.4435544,11.2468327
63.4435944,11.2472572
63.4439254,11.2499417
63.4444224,11.2538524
63.4451203,11.2588426
63.4452799,11.2596425
63.4518425,11.2702538
63.452332,11.2708755
63.458839,11.2814632
63.4595058,11.2927687
63.4592652,11.2938412
63.4588749,11.2955631
63.4586851,11.2963906
63.4585518,11.2969805
63.4600937,11.3412397
63.4600959,11.3413597
63.4601232,11.3437291
63.4615646,11.3511163
63.4621739,11.3552846
63.4621276,11.3561777
63.4614104,11.3600257
63.4612909,11.3688218
63.4612549,11.3695881
63.4609211,11.3768388
63.4608479,11.3778125
63.4605752,11.3808889
63.4612295,11.3875607
63.4604565,11.3991527
63.4597376,11.4016075
63.4569315,11.4138929
63.4584471,11.426088
63.4576217,11.4352682
63.4580692,11.4401842
63.4580163,11.4424609
63.4579693,11.4446431
63.4579982,11.4476753
63.4597244,11.4525981
63.4673014,11.4858443
63.4653556,11.495144
63.4650086,11.4963408
63.4620397,11.527524
63.4602363,11.5433709
63.4595803,11.5453453
63.4571105,11.5694511
63.4546856,11.577908
63.4546258,11.5783872
63.4466169,11.6014687
63.4458936,11.6041442
63.4446896,11.6081356
63.4445855,11.613544
63.4447786,11.6143282
63.4455818,11.6169464
63.4456017,11.620207
63.4448025,11.6241421
63.4439736,11.6261459
63.4434771,11.6273263
63.442913,11.6308203
63.4429843,11.6324544
63.4432371,11.6408838
63.443249,11.6447302
63.4432497,11.6448098
63.4432826,11.6479128
63.4429661,11.6570341
63.443105,11.6598383
63.4431354,11.6601248
63.4433472,11.6621291
63.4434053,11.6626794
63.4435068,11.6636673
63.4437352,11.6681467
63.4438211,11.6715791
63.4438624,11.6731157
63.4439404,11.6751046
63.4432406,11.6816585
63.4428205,11.6823431
63.4423018,11.683213
63.4415266,11.6849092
63.440804,11.6869785
63.4407455,11.6871506
63.4407007,11.687282
63.4405901,11.687591
63.4403624,11.6883561
63.4402839,11.6886669
63.4395634,11.6939491
63.4392335,11.6974838
63.4390841,11.6991135
63.4390077,11.6998186
63.4381621,11.7026957
63.4380282,11.7029031
63.4374632,11.7036968
63.4369233,11.7044302
63.4360823,11.7055866
63.4354547,11.7064514
63.4334687,11.7095488
63.4332606,11.7102148
63.4332091,11.710442
63.4328409,11.7122301
63.4327008,11.7129253
63.4317199,11.7177247
63.431186,11.7199811
63.4303477,11.7234485
63.4303281,11.7235283
63.4296198,11.7263922
63.429204,11.727749
63.4288403,11.7285575
63.4287053,11.7288096
63.42813,11.7297613
63.4263185,11.7327403
63.4261171,11.7330709
63.4257408,11.7336949
63.4244342,11.7343618
63.4236853,11.7343178
63.4218572,11.7347233
63.4199333,11.7367216
63.4192294,11.7376739
63.419141,11.7377948
63.4186836,11.7384475
63.4185188,11.7387268
63.4178509,11.7398416
63.4174723,11.7401875
63.4173184,11.7402896
63.4145501,11.7412013
63.4141588,11.7427329
63.4141088,11.7429389
63.4140589,11.743144
63.4138561,11.7439448
63.4135238,11.7448347
63.4126372,11.7465286
63.4104947,11.747956
63.4104196,11.7479838
63.4091215,11.7484903
63.4054435,11.7581294
63.4053037,11.7632966
63.4031896,11.7725217
63.4019274,11.7755089
63.4014986,11.7767691
63.4006665,11.779851
63.3980597,11.7872488
63.3979822,11.7879306
63.3975637,11.7957452
63.3973781,11.7975613
63.3973644,11.7977267
63.3972432,11.8002586
63.3971961,11.8011141
63.3965135,11.8041895
63.3961201,11.8051845
63.3953823,11.8077343
63.3952122,11.8087164
63.3811509,11.8656477
63.3791263,11.8913338
63.3762763,11.9093757
63.3703441,11.9366716
63.3651596,11.9602704
63.3645233,11.9623073
63.361712,11.9713075
63.3578271,11.9838025
63.3557308,11.9905868
63.3478545,12.0095982
63.3478427,12.0097505
63.3475484,12.0118067
63.3420466,12.0286938
63.3420054,12.0289531
63.3419586,12.0292628
63.3417921,12.0302834
63.3417071,12.0308346
63.3415996,12.0316394
63.341557,12.0320442
63.3415179,12.0325209
63.3414865,12.0331037
63.3414689,12.0335835
63.3414408,12.0345696
63.3414257,12.0349304
63.3414018,12.035251
63.3413652,12.035586
63.3413337,12.0357961
63.341314,12.0359027
63.34124,12.0362814
63.3411535,12.0366857
63.3410937,12.0369296
63.3406952,12.0384876
63.3397209,12.0423233
63.339556,12.0429974
63.3393737,12.0437251
63.339213,12.0443995
63.3391691,12.0446018
63.3390786,12.0450686
63.3390409,12.045293
63.3389874,12.0456625
63.3389294,12.0461816
63.3388998,12.0465089
63.3388698,12.0469389
63.3387154,12.0495121
63.3386977,12.049758
63.3386791,12.049968
63.3386567,12.0501792
63.3386161,12.0505118
63.3385713,12.0508018
63.3385362,12.0510011
63.338495,12.0512092
63.3384175,12.0515466
63.338379,12.0516991
63.3383085,12.051952
63.3379726,12.0530156
63.3378975,12.0532732
63.3378428,12.0534767
63.3377732,12.0537683
63.3376818,12.0542198
63.3374248,12.0556089
63.3373101,12.0562087
63.3372257,12.0565975
63.3371442,12.0569161
63.3370791,12.0571384
63.3369637,12.0574765
63.3366207,12.0584028
63.3364347,12.0588789
63.3363317,12.0591717
63.3362577,12.0593701
63.3361697,12.0596087
63.3360312,12.0599789
63.3358579,12.0603919
63.3356942,12.0607245
63.3355401,12.0610088
63.3353788,12.0612556
63.335179,12.0614809
63.3349262,12.0616847
63.3346398,12.0618403
63.3343533,12.0619315
63.3341173,12.0619208
63.3339151,12.0618671
63.3336695,12.0617652
63.3334721,12.0616364
63.3332362,12.0614058
63.3301339,12.0579189
63.3299437,12.0577258
63.3297017,12.0575219
63.3294729,12.0573878
63.3292683,12.057302
63.3290299,12.0572671
63.3287746,12.0572779
63.3285062,12.057353
63.3282112,12.0574924
63.32798,12.0576614
63.3277549,12.0578626
63.3274972,12.0581844
63.3272829,12.0585036
63.3270987,12.0588469
63.3269133,12.05926
63.3267664,12.0596328
63.3266508,12.0599949
63.3265316,12.0604616
63.326298,12.0614272
63.326121,12.0621514
63.3259717,12.0627603
63.3258224,12.0633021
63.3256839,12.06375
63.3255358,12.0641845
63.3253636,12.0646378
63.3251469,12.065126
63.3249217,12.0655766
63.3247507,12.065877
63.3245532,12.0662016
63.3243726,12.0664537
63.3241932,12.0666924
63.3239969,12.066915
63.323797,12.0671189
63.3230589,12.0678619
63.3223339,12.0685565
63.3216583,12.0692486
63.3214416,12.0695302
63.3212778,12.0697743
63.3211381,12.070021
63.3209888,12.0703322
63.3208491,12.0706889
63.3207166,12.0710725
63.3205986,12.0714694
63.3205022,12.0718825
63.3203661,12.0725423
63.3202577,12.0730975
63.3201349,12.0737466
63.3199627,12.0746183
63.3197001,12.0759836
63.3194231,12.0774132
63.3192943,12.0780838
63.3191184,12.0790011
63.3189775,12.0797333
63.3188438,12.0804521
63.3187114,12.081171
63.3185704,12.0819703
63.3178791,12.0864147
63.3177989,12.0869541
63.3175419,12.0886356
63.3174994,12.0888944
63.317207,12.0908618
63.3169902,12.0920876
63.3139524,12.1001476
63.312926,12.1025989
63.3090879,12.1078321
63.2998903,12.1115148
63.2949668,12.1171367
63.2912901,12.1208704
63.2894661,12.1223375
63.2887246,12.1229276
63.2881592,12.1233729
63.2854523,12.1255749
63.2849146,12.1259987
63.2830564,12.1282491
63.2819349,12.1303707
63.2805722,12.1333346
63.2779563,12.1390316
63.2716115,12.150785
63.2688995,12.1551678
63.2569072,12.1832424
63.2636545,12.2155604
63.2647683,12.221075
63.2648129,12.2224617
63.264854,12.2236319
63.2648986,12.2250634
63.2656274,12.2447482
63.2706296,12.2673404
63.2733233,12.27337
63.276556,12.2909841
63.2769781,12.294648
63.282644,12.3133135
63.285667,12.3206654
63.287566,12.3252547
63.2876685,12.3255014
63.288199,12.3267996
63.2889718,12.3321748
63.2884039,12.3349267
63.2872887,12.3388267
63.287133,12.3406138
63.2876335,12.3443627
63.2882866,12.3458007
63.2886037,12.3463673
63.2890984,12.3473816
63.2896897,12.3503642
63.2893986,12.3570657
63.2889471,12.3596071
63.2886029,12.3615222
63.288466,12.3622812
63.2870512,12.382725
63.2880832,12.3935303
63.2900038,12.3994741
63.2904438,12.4007267
63.2906699,12.4013503
63.2908411,12.4017861
63.2915493,12.4033029
63.2979342,12.4122065
63.3009448,12.4205616
63.3068084,12.4375936
63.307065,12.4403885
63.3073277,12.4433443
63.307371,12.443811
63.3075602,12.4458441
63.3078217,12.4487463
63.3102059,12.4747369
63.310774,12.478427
63.3115028,12.4813307
63.3160313,12.4986136
63.317292,12.5057805
63.3175256,12.5091373
63.3175393,12.5093921
63.3176389,12.5115059
63.3177535,12.5136906
63.3177885,12.5140571
63.3178195,12.5145576
63.3178569,12.5152392
63.3178939,12.5159284
63.3179679,12.5170395
63.3187824,12.5239274
63.3190817,12.5253743
63.3190958,12.5254409
63.319279,12.5263595
63.3197233,12.5287087
63.3198872,12.5298945
63.3201845,12.5325813
63.3202519,12.5331787
63.32053,12.5349469
63.320742,12.5358445
63.3217487,12.5393617
63.3223543,12.5414188
63.3229328,12.5433922
63.3235024,12.5450303
63.323818,12.5459642
63.3249661,12.5508688
63.3251144,12.5517002
63.3270651,12.556615
63.3328089,12.5584054
63.3443911,12.579112
63.3478922,12.5878978
63.3587971,12.6063041
63.3594387,12.6089073
63.3600087,12.6113226
63.360983,12.6154578
63.3624087,12.6216485
63.3628916,12.6236929
63.3636685,12.6273598
63.3635792,12.6320899
63.3633933,12.6330686
63.3630636,12.6346356
63.362506,12.6369453
63.3620385,12.64211
63.3619337,12.6632288
63.3608086,12.6803107
63.3601014,12.6833151
63.3598668,12.685535
63.3598924,12.6880946
63.3599503,12.6889262
63.3599881,12.689377
63.3610734,12.6941803
63.3620572,12.696148
63.3627891,12.6974187
63.3641952,12.699535
63.3695813,12.7041456
63.3705572,12.7049864
63.3706119,12.7050335
63.3727516,12.7070017
63.3749452,12.7124738
63.3893434,12.7735912
63.3902479,12.7745653
63.3962956,12.7922935
63.3963333,12.7927102
63.3985594,12.8173369
63.3999138,12.8274346
63.4001061,12.8288851
63.4001533,12.8293973
63.400307,12.8312159
63.4003329,12.83365
63.40028,12.8359088
63.3989066,12.8449756
63.3985319,12.8467193
63.3960612,12.8584393
63.394757,12.8649281
63.3947483,12.8649838
63.3944198,12.8676447
63.3944089,12.8677557
63.3942551,12.8692571
63.3940023,12.8733701
63.3942341,12.8815052
63.3944826,12.8857913
63.3950331,12.8947633
63.3954575,12.9016704
63.3957797,12.9080142
63.3957947,12.9085892
63.3958113,12.9095305
63.3957435,12.9159293
63.3956868,12.9177796
63.3956775,12.9181664
63.3955658,12.921727
63.3953874,12.9276332
63.3953168,12.9296763
63.3953056,12.9300389
63.3950841,12.9371095
63.3962258,12.9593316
63.3987829,12.9722893
63.4019319,12.9881009
63.4019619,12.9883611
63.4030067,13.0099948
63.4030105,13.0100714
63.4036035,13.0168823
63.4037173,13.0181029
63.4041433,13.0226719
63.404191,13.0231673
63.4045375,13.0271604
63.4053634,13.0361599
63.4056466,13.0405253
63.4056801,13.0474125
63.4055981,13.0499609
63.4054466,13.0528729
63.4053333,13.0561084
63.4050864,13.0588513
63.4047737,13.0604084
63.4030606,13.0721926
63.4025725,13.0741653
63.4020055,13.0762397
63.4018574,13.0767639
63.4017646,13.0770796
63.4010303,13.0792431
63.4009366,13.0795151
63.4007836,13.0799435
63.4003886,13.0810512
63.3999349,13.0822908
63.3998706,13.0824666
63.39981,13.0826447
63.399739,13.0828537
63.3994835,13.0835759
63.3993873,13.0838414
63.3968096,13.0894109
63.3965764,13.0897937
63.3932038,13.0937284
63.3897087,13.0990777
63.3888167,13.101693
63.3885315,13.1027189
63.3878025,13.1058681
63.3856289,13.123654
63.3852459,13.1264493
63.3850223,13.1280322
63.3850179,13.1281009
63.3847114,13.1299559
63.3841282,13.1328177
63.3829284,13.1374001
63.3828007,13.1379604
63.3827377,13.1381996
63.3824558,13.139271
63.3806676,13.1460647
63.3801849,13.1478984
63.3794367,13.150741
63.3791792,13.1516133
63.3785662,13.1535726
63.3771111,13.1567536
63.3758226,13.1584853
63.374181,13.1603677
63.3721845,13.1625882
63.3697302,13.1651942
63.3689874,13.166061
63.3668386,13.168657
63.3666085,13.1689955
63.3656592,13.1703413
63.3563548,13.1835581
63.3517539,13.1874921
63.3421007,13.2010146
63.3416524,13.2025503
63.3372407,13.2108862
63.3350381,13.2141023
63.3314214,13.2199168
63.3251757,13.2326095
63.3209204,13.2419429
63.3190067,13.2491815
63.3176618,13.2557364
63.3160706,13.2641315
63.3155223,13.2681477
63.3154172,13.2697039
63.3153426,13.270922
63.3152499,13.2725146
63.3151868,13.27354
63.3133951,13.2978241
63.3129542,13.3195548
63.3128936,13.3234147
63.3128641,13.3262936
63.3128876,13.3277971
63.3132172,13.3351611
63.314462,13.3413355
63.3161453,13.3463948
63.3207193,13.3594941
63.3228676,13.3671661
63.3231125,13.3679188
63.3253656,13.3776251
63.3254571,13.378175
63.3264044,13.3836949
63.3295733,13.4017214
63.3315975,13.4090596
63.3336801,13.415537
63.3352421,13.4233048
63.3362822,13.4277615
63.3385759,13.4376951
63.3392511,13.4410015
63.3408036,13.4452618
63.3414851,13.4470281
63.3418726,13.4480176
63.3421171,13.4486319
63.3437781,13.4527682
63.3446764,13.455103
63.3455068,13.4582146
63.3456685,13.4612597
63.3456331,13.4617541
63.3454994,13.4630006
63.3438481,13.4693344
63.3430432,13.4719508
63.3424359,13.4738711
63.3418359,13.4764581
63.3417925,13.476759
63.3414902,13.4795486
63.3413365,13.4831871
63.3413274,13.4834003
63.340729,13.4886732
63.3395843,13.4931782
63.3364366,13.5067128
63.3352475,13.5163484
63.3345664,13.5179678
63.3343759,13.5183668
63.3339601,13.5192078
63.3321129,13.5229876
63.3318478,13.5235406
63.3309641,13.5254137
63.3291323,13.5298186
63.3284086,13.5317891
63.3275699,13.5337811
63.326529,13.5361421
63.3264691,13.5362601
63.3253506,13.5383071
63.3239705,13.5409147
63.3234831,13.5420647
63.32193,13.5482972
63.3206902,13.5545736
63.3204131,13.5559485
63.3187961,13.5668719
63.3180045,13.5731491
63.3172344,13.5783121
63.3166459,13.5822203
63.3159268,13.5868881
63.3150503,13.592032
63.3141735,13.5955198
63.3134861,13.5978713
63.3130929,13.5991643
63.3109405,13.6068199
63.3104624,13.6094242
63.3102532,13.6107411
63.3097391,13.6138725
63.3091854,13.6343089
63.3093145,13.6362791
63.3094309,13.6381725
63.3097897,13.6424004
63.3103327,13.6459779
63.3106904,13.648141
63.310731,13.6484014
63.3111747,13.6534543
63.3106797,13.6648189
63.3105462,13.6747264
63.3105616,13.6765504
63.3108182,13.6846601
63.3109842,13.6885649
63.3112296,13.6951349
63.3124911,13.7070595
63.3135487,13.7191377
63.3125387,13.7342788
63.3121708,13.7447444
63.3121592,13.7450361
63.3120917,13.7467091
63.3119083,13.7510307
63.3114635,13.7768059
63.3092414,13.804125
63.306891,13.8253726
63.3068322,13.8260257
63.3067122,13.8274749
63.3064164,13.8310033
63.3061262,13.834278
63.3060632,13.8350224
63.3058375,13.8400966
63.3044309,13.8843058
63.3040564,13.8891517
63.3039144,13.8931325
63.3038948,13.8945367
63.3038595,13.8969282
63.3038726,13.8988332
63.3039902,13.9009428
63.3042064,13.9033578
63.3086638,13.9192299
63.3242278,13.949763
63.3329721,13.9753311
63.3333407,13.9757518
63.3349602,13.9782973
63.3356312,13.979639
63.3359442,13.9804059
63.3370621,13.9842032
63.3376431,13.9888784
63.3376767,13.9919664
63.3375988,13.9934687
63.3369298,14.0046188
63.3356356,14.0136707
63.3349957,14.0172889
63.3344603,14.0201993
63.3343045,14.0210219
63.3272176,14.0430784
63.3250281,14.0496364
63.3241147,14.0528208
63.3234679,14.0552121
63.3223051,14.0599003
63.3212453,14.0640567
63.3209607,14.0657366
63.3208671,14.0661996
63.3204521,14.0682751
63.3198869,14.0716189
63.319491,14.0744505
63.3189441,14.0788097
63.3188201,14.0797522
63.3170507,14.0893639
63.3169552,14.0897858
63.3162568,14.0921886
63.3149655,14.0977389
63.3136386,14.1132112
63.3150143,14.1577224
63.3157951,14.1617756
63.3159411,14.162482
63.3165752,14.1656184
63.3166216,14.1658463
63.3167218,14.1663088
63.3170826,14.1681246
63.3171416,14.16843
63.3177442,14.1713964
63.3177811,14.1715882
63.3180905,14.1731026
63.3184771,14.1749949
63.3187748,14.1764733
63.3194287,14.1793046
63.3226692,14.1905852
63.322588,14.2068538
63.3225248,14.207464
63.3235554,14.278201
63.3238923,14.2883787
63.3238811,14.2891353
63.3240455,14.2953326
63.3242719,14.2978257
63.324881,14.3020163
63.3249077,14.3021863
63.3256321,14.3113348
63.3260871,14.3326183
63.3263179,14.3436402
63.3266386,14.3597466
63.3265944,14.3923039
63.3268968,14.3960213
63.3270173,14.3975718
63.3290719,14.4160604
63.3289973,14.4242443
63.3282853,14.4280673
63.3281747,14.4292111
63.3281611,14.4293895
63.3278648,14.4299175
63.3277956,14.4299139
63.3274849,14.4306466
63.3244791,14.4354267
63.3239143,14.43607
63.323834,14.436154
63.3225517,14.437609
63.3199882,14.44198
63.3189908,14.4443879
63.3178015,14.447897
63.3170575,14.450814
63.3159531,14.4552614
63.31574,14.4561538
63.3156513,14.4565142
63.3152932,14.4579873
63.3148768,14.4596701
63.3140286,14.4629828
63.3139288,14.4633479
63.3137962,14.4638889
63.3128264,14.4679163
63.3107157,14.4779673
63.3105114,14.4787515
63.3084894,14.4847409
63.3056637,14.4897169
63.2988661,14.4966713
63.2926519,14.5038576
63.291904,14.5048467
63.2897894,14.5079473
63.2876301,14.5114288
63.2864291,14.5135294
63.2856245,14.5148163
63.2810498,14.5224424
63.2774139,14.5284884
63.2744994,14.5326859
63.2686853,14.5380767
63.2681099,14.5386692
63.2676927,14.5391014
63.2665819,14.5402952
63.261357,14.5483687
63.2562012,14.5619181
63.2553803,14.5651486
63.2495108,14.5882383
63.2478653,14.5920709
63.2469902,14.5937248
63.2378528,14.6048129
63.2371563,14.6055389
63.2329119,14.6105305
63.2321897,14.611505
63.2314028,14.6125635
63.2305096,14.6138229
63.2261372,14.6205389
63.2209537,14.6277727
63.2170682,14.6333434
63.2168611,14.6338212
63.2165106,14.6347064
63.2151448,14.6398669
63.2147721,14.6423462
63.2145864,14.6446654
63.2137254,14.6533421
63.2131806,14.6559146
63.2051101,14.6733343
63.2009569,14.6809547
63.1947926,14.6883452
63.1821402,14.6890533
63.1802684,14.6915414
63.1801478,14.691887
63.1801368,14.693368
63.180827,14.6972182
63.1821381,14.7051128
63.1830267,14.716123
63.183184,14.7187822
63.1845301,14.7279803
63.1870097,14.7370716
63.1870632,14.7372663
63.187628,14.7393209
63.1876686,14.7394687
63.1879944,14.7406537
63.1895267,14.7463835
63.1897903,14.7473422
63.1907263,14.750796
63.1920395,14.7553899
63.1940897,14.7634524
63.1959126,14.7719891
63.2019311,14.8033212
63.2032361,14.8132737
63.2032784,14.8135963
63.204728,14.8480256
63.2046018,14.8773757
63.2030836,14.9146033
63.199464,14.9503629
63.1956586,14.9904863
63.1963446,15.0953794
63.193352,15.1660693
63.1926697,15.1717357
63.1916218,15.1832023
63.1915172,15.1845008
63.1911401,15.1898158
63.1911567,15.192777
63.1914507,15.200623
63.1915976,15.2042326
63.1921325,15.218756
63.1930248,15.2755942
63.1938516,15.3199793
63.194013,15.3261644
63.1943692,15.339813
63.1943382,15.3527599
63.1937585,15.369212
63.1934844,15.3767074
63.1940218,15.4053586
63.1913036,15.4391175
63.1904901,15.4521052
63.1864256,15.4902412
63.1812213,15.5093786
63.1773109,15.5274415
63.1633787,15.5669503
63.1633458,15.5670931
63.162551,15.5714524
63.1625807,15.5924508
63.1626852,15.5932074
63.1628036,15.5939017
63.1632069,15.5954072
63.1636299,15.5964106
63.1641874,15.5974342
63.1648941,15.5985511
63.1653718,15.5992678
63.165448,15.5993979
63.1658775,15.6001388
63.1672987,15.6044916
63.1676474,15.6063587
63.1682075,15.6104364
63.1682428,15.6118828
63.168175,15.6136695
63.167804,15.6168485
63.1674399,15.6199668
63.1673551,15.6210122
63.165577,15.6511824
63.1651436,15.6575157
63.1655482,15.6898928
63.1624821,15.7065015
63.1598639,15.7432817
63.1577316,15.7640847
63.167101,15.807569
63.1707109,15.816779
63.171347,15.8202318
63.1716384,15.8228963
63.173032,15.8740363
63.1803893,15.9357711
63.180162,15.9378873
63.1422004,16.0042197
63.1415648,16.0057309
63.1384754,16.0300993
63.1386018,16.0330393
63.1386179,16.0333197
63.1463756,16.0565004
63.148249,16.0771608
63.1470835,16.086391
63.1449028,16.1182949
63.1449029,16.1197099
63.1468063,16.1466889
63.1477758,16.159878
63.1481878,16.1767615
63.1483353,16.1777719
63.1569269,16.2032276
63.1572503,16.2081682
63.1572502,16.2154276
63.156428,16.2197218
63.1550495,16.2237371
63.1538434,16.242118
63.1507624,16.2589256
63.1507532,16.2592066
63.1503401,16.2694887
63.1503678,16.2706844
63.1504359,16.2735512
63.1505107,16.2765201
63.1505719,16.2833111
63.1476167,16.304784
63.1468412,16.319227
63.1461238,16.3259253
63.1376767,16.3420726
63.1326088,16.3491381
63.1321627,16.3499078
63.1302196,16.3527718
63.122752,16.3607572
63.1181162,16.3646273
63.1004081,16.3802174
63.0999764,16.3827988
63.0921527,16.4316326
63.092136,16.458342
63.0648419,16.5098479
63.0609525,16.5156262
63.0578282,16.5204071
63.0542725,16.5240613
63.0364975,16.5525314
63.0357743,16.5592133
63.0357829,16.5599635
63.0341977,16.5797062
63.0340555,16.5812971
63.0331511,16.5871891
63.0326749,16.5898235
63.0325457,16.5907081
63.0324882,16.5911015
63.0320871,16.5949017
63.0317905,16.5979192
63.0294397,16.6130684
63.0293854,16.6133684
63.028763,16.6179076
63.0285705,16.6190276
63.0278038,16.6220465
63.0271723,16.6243854
63.0269455,16.6250559
63.0265891,16.6259893
63.0258582,16.6277695
63.025233,16.6296256
63.0245653,16.6316817
63.0239423,16.6335622
63.0238208,16.6339145
63.0232306,16.6356354
63.0229517,16.6368633
63.0229563,16.6369644
63.0228938,16.6372042
63.0227839,16.6372497
63.0224193,16.638174
63.0216643,16.6405433
63.0213955,16.6413871
63.0197693,16.644923
63.0194853,16.6454089
63.0188381,16.646516
63.0177655,16.648359
63.0165212,16.650557
63.0157135,16.6519837
63.0149775,16.6532774
63.0145254,16.6538999
63.013779,16.6545416
63.0128333,16.6553545
63.0123925,16.6560423
63.0121301,16.6565873
63.0114119,16.6616732
63.0118946,16.6648
63.0139937,16.6698087
63.0209806,16.6981299
63.0227925,16.7010707
63.0284831,16.7103016
63.0312163,16.7146729
63.0382157,16.7254299
63.0449633,16.7395241
63.0459438,16.7440924
63.0479003,16.7671371
63.0525211,16.7997855
63.0662588,16.8652271
63.0697702,16.8746173
63.077738,16.8910252
63.0780863,16.8916535
63.0782547,16.8919572
63.0798252,16.8957842
63.0796713,16.9183194
63.0793372,16.9265838
63.0748946,16.9639625
63.0749158,16.967445
63.0750415,16.9864575
63.0755072,16.9908722
63.0818145,17.0090649
63.0840328,17.0119393
63.0855364,17.0138371
63.0880872,17.0156787
63.0900709,17.0161963
63.0920697,17.0166603
63.0925468,17.0167392
63.1027555,17.0115705
63.1056631,17.0084702
63.1083513,17.0059051
63.1197113,17.0139186
63.1201302,17.0139189
63.1202636,17.0139007
63.1300249,17.0102511
63.1333746,17.011985
63.1343164,17.0133028
63.1390264,17.0172322
63.1410332,17.0186698
63.1415567,17.0191526
63.1516976,17.023294
63.1546943,17.023927
63.1550432,17.0238894
63.1571531,17.0222962
63.162327,17.028144
63.1651297,17.0301121
63.1665775,17.0306831
63.17055,17.0345646
63.1718607,17.0365365
63.1726365,17.0376268
63.1743038,17.0403408
63.1747612,17.0414223
63.1742319,17.0575695
63.1739232,17.0584591
63.1726338,17.0622319
63.17241,17.0879794
63.1720667,17.0895934
63.1654526,17.1122524
63.1620907,17.1751293
63.1622876,17.1767319
63.1625887,17.1789664
63.1715278,17.211547
63.1736072,17.2162121
63.174045,17.2189824
63.1733748,17.226214
63.1732084,17.2266997
63.1708631,17.2316276
63.1700815,17.2348969
63.1698496,17.2361246
63.1695382,17.2388781
63.1695774,17.2391367
63.1700882,17.240712
63.1709787,17.2461852
63.1710048,17.2463759
63.1710741,17.2468807
63.1714038,17.2491221
63.1715602,17.2505294
63.1715887,17.2513944
63.17159,17.2515126
63.1715892,17.252422
63.1717855,17.2544356
63.1719589,17.2548665
63.1721399,17.2552018
63.1756096,17.2595883
63.1766955,17.2604197
63.1780461,17.2614437
63.1785068,17.2614827
63.1786354,17.2615104
63.1787217,17.2618667
63.1786669,17.2621085
63.1785971,17.2630443
63.1781474,17.2673682
63.1773806,17.273203
63.1774478,17.2745393
63.1775229,17.2750529
63.1775738,17.2751977
63.1775719,17.2753711
63.1775359,17.2754831
63.1775144,17.2760893
63.177611,17.2778842
63.1778896,17.2828118
63.1780483,17.2856973
63.1781063,17.2901912
63.1772684,17.2943959
63.1767858,17.2966328
63.174879,17.3065477
63.1715469,17.3329082
63.1670966,17.35526
63.166257,17.3629738
63.166193,17.3689321
63.1660651,17.3734299
63.1658971,17.3753836
63.1654181,17.382146
63.1653903,17.3845813
63.1653402,17.3993351
63.1657838,17.4083615
63.1659031,17.409281
63.168849,17.4268145
63.1723071,17.4462711
63.1772703,17.4595553
63.1775124,17.4601829
63.1804748,17.4693251
63.1812744,17.4729319
63.1815646,17.4751453
63.1806339,17.4840762
63.1739335,17.5170328
63.1738815,17.5177247
63.1749433,17.5320926
63.175413,17.5357355
63.1765516,17.547772
63.1763747,17.5554117
63.1765169,17.5882594
63.1764555,17.5928065
63.1767098,17.5971872
63.1764428,17.60019
63.1763554,17.60105
63.1763981,17.606385
63.1736577,17.6276971
63.173585,17.6280969
63.1716833,17.6323446
63.1623993,17.650221
63.1611046,17.6534213
63.1603905,17.6553284
63.1600802,17.6563862
63.1599334,17.656945
63.1556378,17.6758496
63.1538963,17.6784258
63.1529068,17.6804226
63.1514623,17.6871277
63.1513746,17.6893058
63.1522407,17.7236419
63.1516568,17.7271035
63.1506521,17.7368842
63.1477849,17.7524366
63.1472254,17.7576218
63.149212,17.7661418
63.1569687,17.7785087
63.1631065,17.7902746
63.1641089,17.790735
63.1741303,17.8004722
63.1745512,17.8008321
63.1852805,17.8107446
63.1882118,17.812423
63.1905076,17.8169051
63.1924038,17.8186411
63.2425468,17.9468925
63.2693413,17.9695534
63.2773052,18.0423031
63.267945,18.1028814
63.2670706,18.1136129
63.2664644,18.1257662
63.2679248,18.1710366
63.2679001,18.1737826
63.2678581,18.1784442
63.2677886,18.1861681
63.2629194,18.2228251
63.2624255,18.235134
63.2632888,18.2390108
63.2640344,18.2410564
63.2643659,18.2419385
63.2654862,18.2454098
63.2676702,18.2502692
63.2693381,18.2542287
63.2695961,18.2557296
63.2698062,18.2580617
63.2683433,18.269379
63.2682954,18.2721723
63.2764293,18.2739144
63.2812965,18.2772613
63.2823824,18.2784014
63.2827094,18.279187
63.2830825,18.2801144
63.2833404,18.2806971
63.2865789,18.2839931
63.2883833,18.2848111
63.288919,18.2850664
63.2909259,18.2872075
63.2923367,18.2911667
63.2927985,18.2926097
63.2930939,18.2932556
63.2929148,18.2937356
63.2926854,18.2943523
63.2926115,18.2945434
63.2937704,18.2969007
63.2945669,18.2985283
63.2953103,18.2999625
63.2958048,18.3009129
63.3005697,18.3300121
63.3009534,18.3304494
63.3017602,18.3311387
63.3041708,18.3351972
63.3043903,18.3372408
63.301905,18.3703139
63.3002544,18.3724126
63.2993698,18.372697
63.2985653,18.3727438
63.2982646,18.3728522
63.2981887,18.3728926
63.2980971,18.3729462
63.2968774,18.374746
63.2957621,18.3784057
63.2927495,18.3885407
63.2924204,18.3896785
63.291635,18.3925654
63.2897366,18.4107417
63.2897345,18.4108282
63.2893824,18.4254184
63.2893795,18.4255369
63.289375,18.4257233
63.2891927,18.4332778
63.2890244,18.4417204
63.2889935,18.4424673
63.2889145,18.4454488
63.2888441,18.4511136
63.2889849,18.4526397
63.2905206,18.4601704
63.2919568,18.4668879
63.2920749,18.4674291
63.2923567,18.4687589
63.2930737,18.4785006
63.2930646,18.479031
63.2930453,18.4798635
63.2929183,18.4855979
63.2927334,18.4951671
63.2874692,18.5257878
63.2865714,18.5289397
63.2864511,18.5293936
63.2855914,18.532604
63.2852464,18.5337977
63.2851606,18.5341138
63.2848193,18.5353719
63.284178,18.5375898
63.2839317,18.5384097
63.2841085,18.5388609
63.2848559,18.5407902
63.2857073,18.5437305
63.2859917,18.5482435
63.2870178,18.5545306
63.2871281,18.5550632
63.2873783,18.5563924
63.2866763,18.5647112
63.2864508,18.5667286
63.2853284,18.5669666
63.2851663,18.5676675
63.2852604,18.5691252
63.2853211,18.5698145
63.2854525,18.5711704
63.2863768,18.5802788
63.2868137,18.5848615
63.28717,18.600894
63.2871546,18.6079111
63.2874725,18.6116701
63.2877248,18.6132578
63.2892961,18.6184517
63.2895372,18.6190418
63.2899915,18.6201427
63.2906256,18.6217092
63.2942584,18.6306617
63.2943862,18.6309737
63.2944553,18.6311297
63.294763,18.6319891
63.2955668,18.633914
63.2968028,18.6373433
63.2979407,18.6500928
63.2975269,18.658592
63.2974455,18.6593697
63.297072,18.6618895
63.2968905,18.6628694
63.2956889,18.6857231
63.2954437,18.688732
63.2921811,18.7017903
63.2920032,18.7026014
63.2909534,18.7055767
63.2908035,18.7060904
63.2906492,18.7065639
63.2906358,18.7066564
63.2906179,18.707077
63.2908454,18.7093329
63.2909217,18.7100157
63.2911866,18.7123419
63.2911984,18.7124728
63.2913412,18.7138108
63.2916599,18.7167591
63.2916726,18.7168731
63.291781,18.7178425
63.2919158,18.718908
63.2921524,18.7188684
63.292603,18.718587
63.2932357,18.7182298
63.2936877,18.7179792
63.2941192,18.7177359
63.2945361,18.7174823
63.2949142,18.7172288
63.2950463,18.71721
63.2953325,18.717581
63.2955612,18.7180414
63.295582,18.7191083
63.2956816,18.719585
63.2961574,18.7191424
63.296521,18.7188217
63.2998798,18.7184255
63.3003993,18.718695
63.3006104,18.7189038
63.3008439,18.7192748
63.3016321,18.7217285
63.3036498,18.7325957
63.3037311,18.7330606
63.3040397,18.7344603
63.3040899,18.7347788
63.3039978,18.7353385
63.3038913,18.7354915
63.3038917,18.7388147
63.3059956,18.7666705
63.3060297,18.7669216
63.3139653,18.7919963
63.3148621,18.7937771
63.3151259,18.7943611
63.3151855,18.7944951
63.3156874,18.795944
63.3160871,18.7977676
63.3115086,18.8271131
63.3096031,18.8398054
63.3091128,18.8416321
63.3074648,18.8464357
63.304437,18.8542655
63.3021043,18.8600774
63.2984808,18.8677768
63.2979924,18.8688311
63.2975963,18.8697477
63.2965657,18.8732337
63.2960645,18.8763829
63.2959973,18.8770721
63.2958865,18.8792089
63.2959589,18.882643
63.2964099,18.886026
63.2966084,18.887185
63.296841,18.8884465
63.30001,18.9006767
63.3002122,18.9011692
63.3033863,18.9082519
63.3048384,18.9110042
63.3050368,18.9114851
63.3052031,18.9119329
63.3055976,18.913109
63.3059162,18.9142948
63.3065364,18.9175009
63.3070426,18.9213106
63.3084199,18.9275991
63.3103936,18.9328113
63.3108888,18.9340906
63.3114377,18.9355106
63.3133007,18.9497324
63.3136285,18.9632605
63.3138156,18.9647444
63.3143802,18.9756698
63.3144229,18.9794713
63.3145169,18.9884977
63.3148163,18.9999932
63.3151168,19.0022401
63.315288,19.0031458
63.3163307,19.0083393
63.3165541,19.0096318
63.317237,19.0131778
63.31812,19.0177193
63.3216833,19.0361773
63.3230486,19.0432901
63.3232791,19.0444367
63.3237126,19.0462357
63.3253684,19.0506159
63.3272345,19.0535885
63.3291015,19.0563828
63.3299486,19.0575939
63.3304506,19.0583497
63.335157,19.0657436
63.3356052,19.0668128
63.3375792,19.073465
63.3390499,19.0785757
63.3393114,19.0945254
63.33913,19.0974811
63.3390109,19.0993952
63.3390816,19.1043837
63.3415086,19.1120109
63.3422912,19.1136972
63.3427651,19.1149444
63.3428997,19.1153962
63.3434465,19.1173824
63.3434759,19.1175264
63.3447059,19.1248781
63.3449406,19.126233
63.3476628,19.1419647
63.3479318,19.142931
63.3482374,19.143913
63.3489144,19.1460154
63.3495891,19.1481721
63.3498568,19.1490009
63.3521541,19.156271
63.353188,19.1596222
63.3552389,19.1652229
63.3567721,19.1684412
63.3576055,19.1698951
63.3617268,19.1767276
63.3622973,19.1776855
63.3628503,19.1786344
63.3681901,19.1868456
63.3689133,19.187547
63.3750617,19.1901031
63.3758079,19.1902505
63.3763603,19.1903439
63.3774424,19.1905317
63.3790017,19.1908467
63.3802223,19.1912445
63.3887706,19.1943957
63.3941498,19.195191
63.3947039,19.1955453
63.402581,19.2021031
63.4045884,19.203386
63.4058681,19.2040644
63.4142301,19.2057809
63.4154628,19.2056519
63.4162229,19.2055099
63.4173396,19.2053492
63.4194659,19.2049915
63.4242684,19.2050243
63.433091,19.2102448
63.4354044,19.2109045
63.436451,19.2111436
63.4369873,19.211297
63.4430633,19.2155438
63.4538695,19.2354624
63.4564075,19.2430759
63.4603888,19.2577823
63.4610238,19.2594962
63.4613454,19.2603662
63.4618462,19.2615542
63.4630985,19.2642535
63.4636393,19.265267
63.4642046,19.2662978
63.465291,19.2681099
63.4719044,19.2827099
63.4726928,19.2842823
63.4807293,19.2964138
63.4812499,19.2972657
63.4821415,19.2988463
63.4839722,19.3022494
63.4864809,19.3070255
63.4869616,19.307909
63.4885739,19.3106748
63.4945052,19.3198998
63.5011411,19.336496
63.5043486,19.3445981
63.5048066,19.3455473
63.5050996,19.3461137
63.5112621,19.3568507
63.5114194,19.3571172
63.5115816,19.3574112
63.5117932,19.357776
63.5122706,19.3586042
63.5131553,19.3601733
63.5147723,19.3633148
63.5216738,19.3791695
63.5222267,19.3803826
63.5329464,19.3979633
63.5345131,19.3997732
63.5349733,19.4003011
63.5365714,19.4020186
63.5381758,19.4036416
63.5402402,19.4054912
63.5413911,19.4065027
63.5480194,19.4127483
63.5487416,19.4135316
63.5523287,19.4176439
63.5539894,19.4196241
63.556035,19.4220015
63.5563964,19.4224116
63.5583905,19.42449
63.558845,19.4249466
63.55949,19.4256103
63.5645511,19.4300512
63.566465,19.4319578
63.5682667,19.4343699
63.5684846,19.4346696
63.5760128,19.4524103
63.576774,19.455732
63.5778312,19.4623809
63.5778862,19.4629362
63.5783441,19.4679507
63.5791701,19.4788631
63.5799973,19.4924363
63.5802932,19.5084455
63.5808705,19.5161813
63.5821749,19.5287409
63.5835169,19.5412832
63.5835725,19.5418334
63.5845085,19.5740113
63.5843091,19.578524
63.5848036,19.6054845
63.5849424,19.6076682
63.5851406,19.6121027
63.5852261,19.61679
63.5852255,19.6172015
63.5851821,19.6210681
63.5849115,19.627501
63.5858376,19.6553186
63.5862152,19.6579629
63.5863494,19.6589325
63.5866786,19.6616148
63.5869618,19.6636232
63.587285,19.6658843
63.5874908,19.6670873
63.5886483,19.6781942
63.5893944,19.6852689
63.5895894,19.6868022
63.5897862,19.6882141
63.5901139,19.6903302
63.5906853,19.6937196
63.5924005,19.7017977
63.5953829,19.7142969
63.599429,19.7467781
63.5995892,19.7478294
63.6039103,19.7639648
63.6058624,19.769612
63.6071203,19.7733205
63.6134236,19.8020561
63.6135465,19.8030546
63.6136744,19.8042045
63.6138354,19.8056756
63.6145428,19.8150594
63.6156248,19.8241989
63.6175044,19.8320947
63.6191146,19.8366061
63.6208691,19.8406678
63.6250449,19.8519518
63.627514,19.8616768
63.629668,19.8742985
63.6301019,19.8768108
63.6303549,19.8781524
63.6309873,19.881287
63.6319589,19.8855254
63.6329938,19.889455
63.6376132,19.9062047
63.6380025,19.9080765
63.6385337,19.9106203
63.6392692,19.9151372
63.6396508,19.9171944
63.6398549,19.9183143
63.6398848,19.9184968
63.6400765,19.9196085
63.6412474,19.923701
63.6417489,19.9250592
63.6428109,19.9278735
63.6509907,19.9480293
63.6534724,19.9517632
63.6547855,19.9537316
63.6628169,19.9641935
63.6637728,19.9653936
63.674665,19.9857946
63.6765969,19.9900883
63.6788022,19.9948058
63.6794339,19.9960905
63.6797675,19.9967704
63.6800041,19.9972553
63.6802438,19.9977303
63.6807558,19.9987789
63.6809191,19.9991019
63.6817081,20.0006425
63.6821708,20.0015436
63.68404,20.0051296
63.6852098,20.007326
63.6863156,20.0094697
63.6920338,20.0205805
63.6937032,20.0238452
63.6956586,20.0276284
63.6996043,20.0352847
63.7001979,20.0364167
63.7007723,20.037509
63.7016619,20.0391704
63.7020251,20.0398801
63.7147368,20.0645778
63.7157732,20.067168
63.7168408,20.0698211
63.7268394,20.0862538
63.7271323,20.0869371
63.7313012,20.0963753
63.7438979,20.1321274
63.7445923,20.1338857
63.7450851,20.1351445
63.7454242,20.1360274
63.7460813,20.1377203
63.7477392,20.1420263
63.7531528,20.1541113
63.7541836,20.1558999
63.7545708,20.1566119
63.7651742,20.1734339
63.7659773,20.1745623
63.7665211,20.1752303
63.766661,20.1754189
63.7673462,20.1763514
63.7676922,20.1768329
63.7690809,20.178952
63.7708,20.1815414
63.776028,20.1875945
63.7763432,20.1879848
63.7765267,20.1881955
63.7773469,20.1892
63.7777262,20.1896454
63.777677,20.1898509
63.7774653,20.1931319
63.7774481,20.1961273
63.7765275,20.201996
63.776537,20.2023661
63.7764686,20.2033394
63.7741188,20.2170753
63.774011,20.2175776
63.7708821,20.2322261
63.7667551,20.2558994
63.766744,20.2560546
63.7664468,20.2616569
63.7664762,20.2717447
63.7664786,20.2726572
63.7664896,20.2765289
63.7665122,20.2825135
63.7665247,20.2873827
63.7665059,20.2959351
63.7621592,20.2949827
63.7556672,20.2943868
63.7526246,20.294237
63.7508489,20.2940004
63.7496696,20.2938629
63.7483109,20.2935656
63.7481187,20.2934898
63.7441592,20.2916888
63.7434807,20.2913123
63.7412068,20.2900586
63.7405336,20.2897086
63.7357711,20.2897129
63.7250809,20.2933246
63.72337,20.2945161
63.7184649,20.3014
63.7168681,20.3037885
63.7149843,20.3071251
63.714799,20.3075892
63.7142562,20.3092253
63.7141885,20.3094399
63.710749,20.3226994
63.7106706,20.3231151
63.7104342,20.3246534
63.710329,20.3256418
63.7103077,20.3258617
63.7116982,20.3434919
63.7118603,20.3461486
63.7118722,20.3469144
63.7118615,20.3482072
63.7120931,20.3563997
63.7121674,20.3583741
63.7091363,20.3605199
63.7071694,20.3612763
63.7057799,20.361633
63.7031758,20.3596804
63.7021191,20.3587947
63.7019197,20.3586881
63.7008433,20.3582429
63.7000904,20.3579557
63.6932894,20.3533278
63.6923362,20.3514205
63.6921448,20.3510329
63.6882722,20.343736
63.6861589,20.3417458
63.6850364,20.3404583
63.6849193,20.340225
63.6814382,20.3410457
63.6812485,20.3433014
63.6806415,20.3461028
63.6796188,20.3489674
63.6779424,20.3514822
63.6747262,20.3536859
63.6662264,20.3588679
63.6578164,20.3648396
63.6501583,20.3719764
63.6422465,20.3799415
63.6340724,20.388089
63.6206938,20.401322
63.6050482,20.418767
63.5892584,20.4384823
63.575089,20.4554897
63.559382,20.4747372
63.5438996,20.4945427
63.526226,20.517262
63.5088764,20.5386768
63.4815351,20.5666404
63.4466866,20.6015263
63.4299087,20.6160575
63.4124776,20.6319233
63.3955451,20.6469393
63.378695,20.6625734
63.3656887,20.6745382
63.3456927,20.6921249
63.3299325,20.7075186
63.3111164,20.7250152
63.3017625,20.736611
63.2983996,20.7427264
63.2953275,20.7506185
63.2676224,20.8438436
63.2548124,20.8896471
63.2471248,20.9167782
63.2438445,20.928022
63.2405579,20.9358111
63.1427313,21.1079231
63.1255835,21.1365262
63.120792,21.1474121
63.1186144,21.1571041
63.1175823,21.1649192
63.1165536,21.1813341
63.1161791,21.191608
63.1166604,21.2023454
63.1197758,21.2272923
63.1255776,21.263886
63.1313794,21.3044196
63.1325431,21.3137494
63.132772,21.3189293
63.1322095,21.3240534
63.1305978,21.3291045
63.1228204,21.3430515
63.1209059,21.3470646
63.1196797,21.3520771
63.1161095,21.370482
63.1026529,21.436801
63.0944441,21.4855671
63.0863327,21.5342635
63.0860476,21.5374316
63.0870054,21.5547617
63.0877618,21.5562303
63.0887677,21.5592091
63.0889377,21.5597896
63.0892321,21.5598341
63.0894674,21.564088
63.0894338,21.564955
63.0893622,21.5668419
63.0893144,21.5680969
63.089231,21.570274
63.0891325,21.5729099
63.0889873,21.5771339
63.0890989,21.5780045
63.0895131,21.5794444
63.0920614,21.5871213
63.0918427,21.5883686
63.0916987,21.5888696
63.0915875,21.5892803
63.0914553,21.5900914
63.0918397,21.5908902
63.0924844,21.59632
63.0924034,21.5982196
63.0924282,21.6004482
63.0924941,21.6010771
63.0929027,21.603745
63.0931697,21.605209
63.0930327,21.6053338
63.0925154,21.6057982
63.0925079,21.6058049
63.0921245,21.6061362
63.0915905,21.606596
63.091715,21.6072951
63.0917645,21.6075727
63.0918097,21.6078267
63.0918187,21.6078773
63.0919409,21.6085638
63.092041,21.6091258
63.0917993,21.6093344
63.0916757,21.6094434
63.0915076,21.6095915
63.0913123,21.6097637
63.0906052,21.6103885
63.0902466,21.6107082
63.0897749,21.6111212
63.0891648,21.6116529
63.0890272,21.6117906
63.0886631,21.6121058
63.0884014,21.6123324
63.0876033,21.6130246
63.0872141,21.6133642
63.0869821,21.6135665
63.0869528,21.6135921
63.0863723,21.6140982
63.086143,21.6143018
63.0862499,21.6148701
63.08637,21.6155286
63.0863935,21.6156568
63.0866429,21.6170243
63.0868172,21.6180092
63.0869454,21.6187302
63.0866747,21.6189597
63.0862417,21.6193295
63.0860419,21.6195032
63.0854506,21.6200257
63.0853237,21.6202297
63.0852825,21.6203675
63.0853202,21.6208101
63.085558,21.6221251
63.0856576,21.6227058
63.0856693,21.6227742
63.0857785,21.6233949
63.0859873,21.6241115
63.0860647,21.6241774
63.0861866,21.6247568
63.0861379,21.6250036
63.0859143,21.6252221
63.0857853,21.6251153
63.0856679,21.6251676
63.0855181,21.6253628
63.0851353,21.6259218
63.0845473,21.6269275
63.0839297,21.6282628
63.0830613,21.6308118
63.0808126,21.6436289
63.0799209,21.6513177
63.0757484,21.6732606
63.0756801,21.673547
63.0742127,21.6831284
63.0729194,21.6912874
63.0728433,21.6915726
63.0727144,21.6920143
63.0719365,21.6943431
63.0675029,21.7021075
63.0567366,21.7123519
63.0506515,21.7176517
63.0404313,21.7315442
63.0400917,21.7321103
63.0370779,21.7370885
63.0307011,21.7507438
63.0273231,21.7629284
63.0251085,21.7771469
63.024471,21.7927422
63.0240529,21.7955093
63.0239258,21.7961605
63.0234309,21.7982812
63.022377,21.8029044
63.0218334,21.8052294
63.0200785,21.8125601
63.0190711,21.817001
63.0184821,21.8193734
63.0173391,21.8240407
63.0171557,21.824801
63.0168322,21.8261204
63.0165768,21.8270909
63.0163929,21.8278973
63.0161529,21.8289001
63.0148324,21.8344191
63.0140307,21.837769
63.0130295,21.841953
63.0126746,21.8434359
63.0098388,21.8552764
63.0085757,21.8605732
63.0085557,21.8606317
63.0057788,21.8720621
63.0057335,21.8722658
63.0056035,21.8728507
63.0053764,21.8737905
63.0052027,21.874521
63.005151,21.8747382
63.0044545,21.8778014
63.0037529,21.8818074
63.0031359,21.886175
63.0022278,21.8926325
63.0008634,21.9021432
63.0005529,21.9046006
63.0004161,21.905524
63.0001906,21.9068702
63.0001434,21.9071465
62.9999141,21.9083902
62.9994293,21.9104147
62.9992752,21.9109554
62.9985457,21.913343
62.9972941,21.9175877
62.9965663,21.9222804
62.9964298,21.9269221
62.9964333,21.9272689
62.9962716,21.9355896
62.9959265,21.9395487
62.9956279,21.9425416
62.9946116,21.9528379
62.9944139,21.9549634
62.9938961,21.9586533
62.9936789,21.9599715
62.9935049,21.9610275
62.9933026,21.9620652
62.9928282,21.9647925
62.9917211,21.9707949
62.9912412,21.9737356
62.9887967,21.9849901
62.9858404,21.9922714
62.9857721,21.9924339
62.9839176,22.00007
62.9837084,22.0008909
62.9833429,22.002143
62.9826981,22.0039747
62.9825544,22.004297
62.9819314,22.0056018
62.9817298,22.0060069
62.9816107,22.0062459
62.9814483,22.0065934
62.9811991,22.0071045
62.980226,22.0091256
62.9798139,22.009969
62.979596,22.0103791
62.9793111,22.0109002
62.9790945,22.0112931
62.9782209,22.0132689
62.9775507,22.0146256
62.9770893,22.0154434
62.9770162,22.0155955
62.9729752,22.0239587
62.9729169,22.0241019
62.9715506,22.0270582
62.970611,22.0290045
62.9702857,22.0295797
62.9700604,22.0300619
62.9686832,22.0328598
62.9673828,22.0355441
62.9669212,22.0364069
62.9667349,22.0367407
62.9643547,22.0396131
62.9596515,22.0432023
62.9588449,22.0438449
62.9569195,22.0452434
62.9561197,22.0457586
62.9556094,22.0460426
62.9529607,22.0477185
62.9517418,22.0488894
62.9509162,22.0496635
62.9508143,22.0497574
62.9494635,22.0509769
62.948301,22.052094
62.9469551,22.0533873
62.9465336,22.0537171
62.9464811,22.0537553
62.9456852,22.0545123
62.9455956,22.0546112
62.9426015,22.0573382
62.9413081,22.058208
62.9396651,22.0592678
62.9389928,22.0597339
62.9381558,22.060317
62.9369989,22.0611346
62.9368643,22.0612317
62.9354525,22.062251
62.933903,22.0633006
62.9289056,22.0648517
62.9265546,22.0648039
62.9246562,22.0647359
62.924543,22.0647318
62.9232329,22.0646767
62.9218461,22.0645169
62.9218237,22.0645124
62.9185088,22.0634085
62.9169379,22.062604
62.9125654,22.0635358
62.9115198,22.064343
62.9112879,22.0645404
62.9111342,22.0646713
62.9074507,22.0678086
62.9068477,22.0682644
62.9058836,22.0686745
62.9055671,22.0687901
62.9047274,22.0690363
62.9046901,22.0690448
62.9036222,22.0691292
62.9023187,22.0686047
62.9015956,22.0684721
62.9002819,22.0691168
62.8996354,22.0696365
62.8978631,22.0721029
62.8972657,22.074177
62.8969707,22.0751866
62.8962959,22.0771931
62.8951034,22.08001
62.894527,22.0813527
62.893472,22.0837129
62.892599,22.0856631
62.889059,22.0930094
62.8886087,22.0938549
62.885239,22.1066069
62.8796207,22.1299563
62.8778105,22.137113
62.8724732,22.1578328
62.8711605,22.1665137
62.8709194,22.1675407
62.8702701,22.1702878
62.8695309,22.1734453
62.8694769,22.173676
62.868633,22.1772808
62.8672463,22.1830586
62.8671805,22.1833576
62.8669655,22.184343
62.8662146,22.187995
62.8660062,22.1890084
62.8658203,22.1899224
62.8654593,22.1916973
62.8645101,22.1963638
62.8624461,22.2051861
62.8611019,22.2095025
62.8545776,22.219403
62.8537859,22.2208297
62.8522704,22.2230164
62.8475339,22.2316576
62.8471739,22.2322514
62.8470199,22.2324582
62.8463063,22.2334106
62.8376785,22.2455702
62.836431,22.2478331
62.8324421,22.2551761
62.8269819,22.25988
62.8223603,22.2626365
62.8196463,22.2642054
62.8142894,22.2671325
62.813121,22.2676819
62.8079715,22.2700727
62.7988118,22.2740174
62.7963029,22.2750682
62.7962352,22.2750965
62.792231,22.276799
62.7916,22.277057
62.7898452,22.2782042
62.7889861,22.2791744
62.7839322,22.2871119
62.7745453,22.3103622
62.7740812,22.3115177
62.7726187,22.315159
62.7720335,22.3166159
62.7706968,22.3201543
62.7701371,22.3219779
62.7682626,22.3297471
62.7678175,22.3315917
62.7660564,22.3416448
62.765848,22.3457662
62.7655267,22.3515089
62.7650346,22.360306
62.764754,22.3654881
62.7643087,22.3685272
62.7604846,22.3770354
62.7583642,22.3785477
62.7546377,22.3808244
62.7511893,22.3829502
62.7436471,22.3874963
62.7314133,22.3996401
62.7304075,22.4008128
62.7281456,22.4034499
62.7264741,22.4053986
62.7203417,22.414491
62.7120816,22.426617
62.710717,22.4285601
62.7012925,22.4420865
62.7001034,22.4437944
62.6988622,22.4455714
62.6984462,22.4460823
62.6937431,22.4510195
62.6912486,22.4509521
62.6877177,22.4486175
62.6834972,22.444941
62.6816354,22.4432919
62.6812066,22.4429108
62.6779189,22.4400093
62.6752919,22.4376846
62.673615,22.4362096
62.6717032,22.4345275
62.6693473,22.4324492
62.6670743,22.4304844
62.6643898,22.4296531
62.6620529,22.4313925
62.66144,22.432089
62.6591946,22.4339573
62.6557902,22.4352917
62.6544925,22.4357558
62.6527999,22.4363611
62.6526691,22.4364079
62.6495278,22.4355524
62.6446125,22.433337
62.6364465,22.4297414
62.6351135,22.429154
62.635005,22.4291062
62.6344029,22.4288379
62.6287926,22.4263299
62.62815,22.4260449
62.6275669,22.4258861
62.6257057,22.4258732
62.6247169,22.4264203
62.6220741,22.4288326
62.6213873,22.4295844
62.6207912,22.4304093
62.6201956,22.4314371
62.6193798,22.4329787
62.6192882,22.4331392
62.6180582,22.4352169
62.6171837,22.4366804
62.6166291,22.4376429
62.6121465,22.4462169
62.6109177,22.4496988
62.6100346,22.4521165
62.6092794,22.4540983
62.6091949,22.4543136
62.6081676,22.4565342
62.6057454,22.4605777
62.6044068,22.4629325
62.6019569,22.4694237
62.6000606,22.4790305
62.5991827,22.4839409
62.5985314,22.4874602
62.5981531,22.4896046
62.5964171,22.4991319
62.5952525,22.5073962
62.5949111,22.51202
62.5948341,22.5131089
62.5947102,22.5148595
62.5944703,22.5183009
62.5935983,22.5259846
62.5928464,22.529449
62.5927633,22.5298286
62.5927068,22.5300913
62.5925378,22.5308725
62.5920788,22.532978
62.5915791,22.5351601
62.5905816,22.5390979
62.5902364,22.5402695
62.5887889,22.5451005
62.5867202,22.5520044
62.5857822,22.5551053
62.579883,22.5760375
62.5783048,22.5832581
62.5747259,22.5993377
62.5732825,22.6047549
62.5714139,22.6117458
62.5694834,22.6176957
62.5685515,22.6200679
62.567123,22.6232948
62.5653544,22.6271455
62.5628226,22.6324744
62.5616285,22.6342997
62.5559035,22.6421837
62.5550641,22.6430158
62.5505613,22.6444381
62.5471172,22.6494652
62.5468764,22.6498369
62.5457602,22.6515594
62.5456365,22.6517592
62.5434623,22.6551671
62.5423007,22.6571891
62.5416549,22.658287
62.5415845,22.6584136
62.5387845,22.6632046
62.5387116,22.6633294
62.5364671,22.6671704
62.5357419,22.6684113
62.5353491,22.6690834
62.5347492,22.67011
62.5334077,22.6724127
62.5302812,22.6784866
62.5302193,22.6786095
62.5282255,22.6828802
62.5268026,22.6859408
62.5254951,22.6887146
62.5240506,22.6917476
62.5226448,22.6945042
62.5181511,22.7032036
62.5168054,22.7061715
62.5139323,22.7134138
62.5129695,22.7158511
62.5126,22.7167864
62.5112156,22.7202598
62.5108069,22.7212766
62.5104509,22.7220119
62.5104307,22.7220536
62.5085856,22.7254443
62.5072531,22.727883
62.5066032,22.7290409
62.5051882,22.7317136
62.5044046,22.7330809
62.5036182,22.7343647
62.5025668,22.7362362
62.5019719,22.7373678
62.4990631,22.7418662
62.4986344,22.7422264
62.4979583,22.7427345
62.4975446,22.7430023
62.4973718,22.7430947
62.49715,22.7432286
62.4963887,22.7435372
62.4960314,22.7436746
62.4951384,22.7439931
62.4885529,22.747671
62.4881079,22.7480284
62.4859212,22.7497354
62.4852119,22.7502871
62.4841445,22.7511383
62.4802787,22.7548602
62.475846,22.7588096
62.4719195,22.7616625
62.4670716,22.7670371
62.4635964,22.7705594
62.4599888,22.7716013
62.4574749,22.7720971
62.4536029,22.7729045
62.4520385,22.773237
62.4487555,22.7743034
62.4473001,22.774609
62.4456153,22.7747736
62.4455535,22.7747841
62.4426834,22.7753588
62.4384564,22.776784
62.4364272,22.7786555
62.4340214,22.7812072
62.4321725,22.7831681
62.4276071,22.7864628
62.4269053,22.7867791
62.4188214,22.7904002
62.4159097,22.7909534
62.4158514,22.7909505
62.4110955,22.7907145
62.4078436,22.7905918
62.4041821,22.7912825
62.4041731,22.7912865
62.4021554,22.7923845
62.4004755,22.7933377
62.3980621,22.7947032
62.3975638,22.7949807
62.3939496,22.7970247
62.3906169,22.7988922
62.3905493,22.7989304
62.3878404,22.8002145
62.3860001,22.8006018
62.3858457,22.8006184
62.3852668,22.8006806
62.3802397,22.8010158
62.3798177,22.8010439
62.3765306,22.80225
62.3657293,22.8145009
62.3634184,22.817722
62.3627373,22.8185259
62.3602382,22.821182
62.3590003,22.8223565
62.3576266,22.8235954
62.3572296,22.8239582
62.3572237,22.8239636
62.3502759,22.8308842
62.3462346,22.8363408
62.3405138,22.8451866
62.3350937,22.8517872
62.331939,22.8564176
62.3265998,22.8714085
62.3255208,22.8741852
62.3254832,22.874282
62.3214616,22.8796717
62.3183376,22.8823214
62.3111221,22.8852558
62.3034169,22.8896261
62.2998148,22.8927572
62.2972337,22.8950619
62.2944821,22.8975168
62.2909941,22.9007285
62.2885953,22.9038137
62.2874572,22.905287
62.279239,22.910923
62.2778669,22.911892
62.2772371,22.9123201
62.2725015,22.9139784
62.2723885,22.9139492
62.2716889,22.9137681
62.2559816,22.9222716
62.242842,22.9322202
62.2421114,22.9329395
62.2417538,22.9332915
62.2415681,22.9334744
62.2374599,22.9354937
62.2369332,22.9356807
62.2311794,22.9376464
62.2256536,22.9414482
62.2245573,22.9423395
62.2224596,22.9433547
62.2218046,22.9434781
62.2196294,22.9434128
62.2167057,22.9435203
62.2136603,22.9450962
62.2118493,22.9469901
62.2102427,22.9493091
62.209125,22.9510533
62.2076588,22.9531989
62.2068943,22.9545396
62.204696,22.9574659
62.2026172,22.9592717
62.1959358,22.9649085
62.1923723,22.9678125
62.1807496,22.9783009
62.1804255,22.9784865
62.1799685,22.9787482
62.1762355,22.9808854
62.1748173,22.9812514
62.1709988,22.9802033
62.1691139,22.9796959
62.1651779,22.9797145
62.1607138,22.9797857
62.1594972,22.9797857
62.158409,22.9797949
62.1571409,22.9798316
62.1567639,22.9798499
62.1554571,22.9798591
62.1479717,22.9799995
62.1414586,22.9801263
62.1412088,22.9801247
62.1395533,22.9801144
62.138012,22.9801489
62.1376719,22.9801566
62.1360246,22.9802305
62.1340012,22.9809228
62.1296121,22.9838087
62.1283266,22.9855055
62.127267,22.9872824
62.1261085,22.9893742
62.1252554,22.9909687
62.1244391,22.9925597
62.1215472,22.9984189
62.1208689,22.999801
62.1207953,22.9999509
62.1191352,23.0033467
62.1185245,23.0046024
62.1140584,23.0131739
62.1119926,23.0168034
62.1063157,23.027185
62.1056903,23.0286379
62.1048475,23.0306614
62.1028428,23.0345815
62.1025956,23.0349989
62.1017872,23.0362352
62.1015811,23.0365301
62.0965362,23.0421999
62.0933193,23.0445246
62.0909169,23.0448305
62.0908247,23.0448407
62.0898974,23.0449428
62.0888321,23.0450601
62.0804027,23.044185
62.0787482,23.043769
62.0767553,23.0433818
62.0750766,23.0430556
62.0532773,23.0373648
62.0521684,23.0376355
62.0387674,23.0334399
62.0359753,23.0295282
62.0358293,23.0293094
62.0338925,23.0262993
62.0337526,23.0260776
62.0308745,23.0215019
62.0308238,23.021421
62.0255557,23.0146967
62.0253679,23.0145823
62.024383,23.0141992
62.0233006,23.0141162
62.0231498,23.0141176
62.0221238,23.014309
62.0218519,23.0143843
62.0201844,23.0153086
62.019962,23.0154441
62.0124363,23.0180715
62.010833,23.0175685
62.0107545,23.0175169
62.0098971,23.0166525
62.0097189,23.0164476
62.0063765,23.0136031
62.0060784,23.0134829
62.0056124,23.0133549
62.004901,23.0131596
62.0047015,23.013101
62.0035907,23.0126891
62.002859,23.0122677
61.9967176,23.0111234
61.9965865,23.0112122
61.9963749,23.0113675
61.9960938,23.011569
61.9947413,23.012717
61.9942952,23.0130401
61.9930273,23.01414
61.9887358,23.0131611
61.9845439,23.007391
61.9838866,23.0064054
61.9807296,23.0053884
61.9787398,23.0054662
61.9773654,23.0049826
61.9753242,23.0036826
61.9749828,23.0034552
61.9728123,23.0018718
61.9690814,22.9992178
61.9663481,22.9976145
61.9647913,22.9970094
61.9609936,22.9958156
61.9582897,22.9949593
61.9530546,22.9933016
61.9528701,22.9932432
61.9356945,22.983319
61.9354275,22.9831717
61.9341681,22.982477
61.933207,22.9820003
61.9290711,22.9797686
61.9290198,22.9797409
61.9254269,22.9778024
61.9191343,22.9763134
61.9174591,22.9761147
61.9147907,22.9757981
61.9124102,22.9759161
61.9085626,22.9770189
61.9050271,22.978194
61.9019879,22.979204
61.8987959,22.9799209
61.8934584,22.9789529
61.8915608,22.9780299
61.8784757,22.969776
61.8772246,22.9688414
61.8764951,22.9683577
61.8761104,22.9681168
61.8734924,22.9664781
61.8733527,22.9663907
61.8726408,22.9659444
61.8680364,22.963
61.8677923,22.9628657
61.8675017,22.9626728
61.8669184,22.9622854
61.8662253,22.9618252
61.8652639,22.9610054
61.8639282,22.9593916
61.8628329,22.957462
61.8602559,22.9520191
61.8581468,22.9475647
61.8568575,22.944842
61.8544808,22.9398228
61.8537269,22.9382306
61.8531386,22.9371655
61.852104,22.9353673
61.8507464,22.9332337
61.8500358,22.9321657
61.8492997,22.9312254
61.8491558,22.931076
61.8479614,22.9303702
61.8455338,22.9310881
61.8430128,22.9330788
61.8424651,22.9335206
61.8403117,22.9352577
61.838859,22.9364258
61.8347356,22.9396429
61.8310005,22.942332
61.8308567,22.9424352
61.8298577,22.9431523
61.8254582,22.9463101
61.8243091,22.9471349
61.8209687,22.9496005
61.8191509,22.9514065
61.8155512,22.9551928
61.8100519,22.9611098
61.8085319,22.9627727
61.8062608,22.9652571
61.8020159,22.9711996
61.7981396,22.9769088
61.7977623,22.9774595
61.794832,22.9818765
61.7912195,22.9873212
61.7901089,22.9889658
61.7896107,22.9897104
61.7884599,22.9914303
61.7869053,22.9937535
61.7854151,22.9955794
61.7849785,22.9961143
61.7841287,22.9971555
61.7831779,22.9983205
61.7814684,23.0004037
61.7812979,23.0006077
61.7805373,23.0015605
61.7775458,23.005096
61.7762047,23.006681
61.7746831,23.0085205
61.7739709,23.0093867
61.7727102,23.010897
61.7706726,23.0133379
61.7650052,23.020121
61.7627147,23.0228315
61.761093,23.0247444
61.7593143,23.0276059
61.7574302,23.0333832
61.7569678,23.0365974
61.7568593,23.0382255
61.7568099,23.0389564
61.7567602,23.0398465
61.7566433,23.0415933
61.7561202,23.0502595
61.7560796,23.050751
61.7559168,23.0525474
61.7554223,23.0568993
61.7547807,23.0656672
61.7528963,23.071385
61.7527121,23.072274
61.7522349,23.0744042
61.7508279,23.0793456
61.7499495,23.0822653
61.7497993,23.0827667
61.7467795,23.092843
61.741793,23.1093398
61.7415798,23.1100313
61.7300534,23.1314481
61.7289031,23.1323414
61.7272128,23.1338959
61.7092774,23.1478584
61.7070669,23.1492551
61.6997882,23.1526765
61.6976793,23.1538465
61.6889096,23.1592281
61.685452,23.1606491
61.6754816,23.160102
61.6729781,23.1592018
61.6712289,23.1589762
61.6705583,23.1589701
61.6610618,23.1654719
61.6561962,23.1722367
61.6553935,23.1733257
61.6552632,23.1735095
61.6544801,23.1748681
61.6544649,23.1750687
61.654338,23.1753234
61.6542429,23.1753458
61.6541119,23.1752071
61.6537379,23.1756181
61.6532295,23.1763515
61.6528049,23.1769305
61.6500204,23.1808098
61.6498919,23.1809882
61.6462639,23.1859943
61.6461463,23.1861571
61.6448775,23.1879675
61.644585,23.1883301
61.6434643,23.1896419
61.642387,23.1910343
61.6406147,23.1932885
61.6399359,23.1941572
61.6393429,23.1948902
61.6388029,23.1956
61.6384362,23.1962799
61.6383603,23.1965076
61.6382313,23.1965338
61.6381917,23.1964912
61.6369825,23.1979154
61.6363511,23.1987278
61.6354649,23.1999465
61.6349151,23.2006406
61.634818,23.200693
61.6343576,23.2012466
61.6339593,23.2017771
61.6326964,23.2033849
61.6315796,23.205165
61.6308675,23.2062675
61.6301102,23.2076045
61.6298214,23.2081489
61.6293085,23.2090408
61.6267377,23.2156389
61.6258969,23.2174898
61.6257053,23.2178824
61.623844,23.2212706
61.6230683,23.2224417
61.6227041,23.2229525
61.6190496,23.2278083
61.6184696,23.2288838
61.6175975,23.2309027
61.6173744,23.2315436
61.6168184,23.2333176
61.6166624,23.2339491
61.614801,23.2668774
61.6130623,23.2853313
61.6124743,23.291565
61.6122921,23.2934745
61.6121629,23.2948284
61.6118442,23.2983793
61.6113503,23.3036544
61.6113004,23.3043342
61.6111596,23.3064471
61.6108705,23.3171424
61.6098465,23.3355577
61.6093559,23.3402389
61.6090033,23.3431647
61.6086838,23.3456007
61.6085116,23.3467188
61.6081165,23.3492834
61.6076944,23.3518424
61.6074016,23.3534417
61.6073522,23.3537536
61.6064091,23.3585835
61.6063702,23.3588002
61.6042062,23.3679425
61.6037518,23.369681
61.6028362,23.3728438
61.6009192,23.3790747
61.5996357,23.3832516
61.5986982,23.3861682
61.594593,23.3991033
61.5944535,23.3995383
61.5921739,23.406953
61.5914979,23.4093022
61.5876961,23.4214113
61.5853581,23.4287234
61.5839744,23.4338873
61.5826,23.4397621
61.5825636,23.439932
61.5807454,23.4504545
61.5806307,23.4512249
61.5805699,23.451689
61.5798225,23.4580207
61.5796455,23.4597922
61.5794053,23.4621966
61.5791341,23.4647228
61.578603,23.4683763
61.578386,23.4697393
61.5773856,23.4750336
61.5769985,23.4766689
61.5760758,23.4805739
61.5745643,23.4859986
61.5739814,23.4878532
61.5700495,23.4992956
61.569993,23.4994841
61.5690747,23.5029776
61.5685625,23.5051258
61.5678864,23.5081526
61.5678274,23.5083797
61.5674026,23.5100458
61.5592674,23.542618
61.5586532,23.5451548
61.5582761,23.5469134
61.5578196,23.5492116
61.5577425,23.5496266
61.5577093,23.5498007
61.5575871,23.5504996
61.5572438,23.552863
61.5561658,23.5609522
61.5561224,23.5612877
61.5559957,23.562323
61.5556699,23.5646855
61.5546595,23.5728517
61.5545177,23.5743339
61.5543375,23.5762187
61.5542775,23.5769754
61.5542005,23.5779452
61.5540565,23.579986
61.5535606,23.5870385
61.5501692,23.5985816
61.549489,23.5997235
61.5493936,23.5998665
61.5475781,23.6024354
61.5370774,23.6227051
61.5355945,23.6251263
61.5318795,23.6318754
61.5313146,23.6333529
61.5312687,23.6334783
61.5308505,23.6346838
61.530546,23.6355527
61.5298657,23.6372996
61.5224881,23.6464662
61.5183915,23.6511488
61.5179656,23.6521911
61.5173269,23.6543705
61.5157524,23.6600366
61.5149671,23.6624656
61.514906,23.6626579
61.5145876,23.6637709
61.5141774,23.6654497
61.511976,23.6771628
61.5118636,23.6778025
61.5116615,23.6790071
61.5104813,23.6876059
61.5102865,23.6888302
61.5093374,23.692884
61.5090727,23.6942732
61.5080562,23.7011213
61.5075791,23.7050918
61.5068427,23.7111518
61.5068307,23.7112359
61.5045971,23.7202946
61.5035848,23.7252089
61.5034394,23.7252931
61.5025631,23.7257649
61.5024338,23.7258292
61.5023276,23.7258888
61.5019941,23.7260743
61.5007798,23.7273228
61.5016604,23.7361571
61.5020784,23.7372761
61.5026938,23.7434514
61.5029423,23.7454321
61.5031876,23.7466725
61.5026991,23.7477764
61.5026008,23.7477814
61.5026461,23.7481372
61.5026256,23.7486826
61.5026345,23.7488154
61.502704,23.7499285
61.5027609,23.7507971
61.5027027,23.7508162
61.501506,23.751213
61.5001516,23.7516347
61.5002364,23.7528911
61.5003245,23.7538583
61.5004975,23.7562032
61.5005595,23.7572603
61.5006896,23.7590218
61.4998113,23.7593272
61.4993567,23.7594668
61.4992169,23.7595161
61.4989399,23.7596121
61.4988315,23.7596502
61.4985878,23.759735
61.4983797,23.7597764
61.4983236,23.759726
